1563219969
3494360326866948
326729733
608661516
1985363986
648239126
3546557691463720
518068265
1041594417
3546651524335666
130846775
3537110812330049
414105673
3493122919106637
3537119517608017
3493095347849297
3494359953573979
1304457311
1989671010
1697407084
3493113653889135
3493141822834800
3546613582661743
642039922
536049783
676286583
589756536
427423866
3494350916946045
1849960574
1686714493
880765
493543556
1834092676
282067076
3546603294034057
1652824209
1398069394
3494376114227351
3493075227773081
1938161830
3493114010405034
289478827
2113677485
3546599099730095
1982865585
1097550009
510544058
3493258120399036
1106831552
3546676543359173
353898694
3493111458171081
3494363434846414
1211275478
3546554354895074
661692646
3461568593397992
518723819
431005934
3493095081511157
39366904
3493126383601915
20779260
3493106095753472
389705985
3493290066315523
60672262
304369929
516950284
3537121757366542
3493119007918353
526936344
1359071517
1987649822
3493275872790820
3493291270080804
3546668347689253
3546650970687785
387461423
1389353267
3494373597645109
2062897471
3546616868899135
1506634059
588888401
3546630330517854
222232927
1896143204
3546375486703972
3494378523855207
3546574279936365
3546374161303927
1796868473
514326928
3537110355151258
433916315
1489586590
3537118290774432
2145964451
3546645308377509
1117399464
3546598464293295
1976732082
3546573728385461
1779452343
549384635
2705870
1764747729
3493291880352212
3546391341173212
3493081586338280
3493259793926633
415445484
387686893
3461569088326133
3493270216772086
1482170876
3461562496977407
1171401215
1644739081
3546609354803726
614808086
3546577836706328
2146382375
1203180077
627173947
3461575237175870
3493267995888196
1286513226
3546605466683983
1007260239
3494361092328019
1142164057
1270207068
91408988
1283547751
1593082472
478575209
3493088664226410
1514840688
2091561605
667226762
1129951890
3493132706515611
3494380094622364
2031297181
400542371
1770369699
3461565743368869
501985958
1358727855
11610802
408054470
234388184
503585501
3461574930991840
3494359311846113
1318957798
3546374169692903
1050241773
3546615216343793
3493290261351162
1889049338
3493272051780355
3546606632700675
489243399
3493109419739921
39068434
3546617867143955
396399380
687575828
3546393354439446
356477722
1413270301
3461573553163045
3546570368748334
510100284
675658557
3493273133910846
601676609
3493079759719234
3493121346243398
3493266548853575
3537105022094153
1865835338
38550347
3493260129471316
3493259057826658
3461579215473513
3537125532240748
2012386157
439821175
3493120270404472
1925385081
1982778236
1394287490
3493298249403268
1795781509
3546559711021956
3493119253285764
631925639
525282200
382155678
1516811168
531868577
3493111193930656
316296109
3546592999115698
1347398580
3493136579955640
3493289349090234
404140993
1632660420
1905843141
1071385546
2096178129
3493118416522200
3493085573024731
17998814
1648401374
3546602484534238
1589982178
1598264294
1183828970
1652810734
1838640113
584971258
1997349886
1272992799
1346114595
453078063
1530807352
25351232
590740556
2086569042
1938660439
1065272410
2136917082
545846369
1528325226
1357022334
483732615
701908111
1654650006
2000587931
1740745905
622320817
650282164
1862024376
59550906
1542986948
248509661
518169828
534947049
1727655172
1952439556
1855759622
1487099147
85880075
1111262500
689892648
543327532
588715312
384668988
1820566852
678245702
650546509
1819770193
669394274
1226052962
2112765289
400631146
478000501
622857592
1476955519
1879219596
2068018591
485762465
404104614
435680695
357100986
1195193790
429243860
620795349
1387439587
1222069735
1307131375
456891899
1368489471
471723540
42847769
2138895899
1635696162
669197858
1533687343
1910441533
1072006721
92653124
1628767816
481293933
34164335
341923441
1634424434
608876157
115015298
476079747
1258145413
71141004
381664909
1362679441
1867148945
455839390
635805354
446576304
1142355655
1285353161
679626444
2043324120
1602926313
2059257581
1051332340
343965437
1913650962
179187480
485682977
1059831587
70592309
694538037
1021247289
1312429894
1952335690
2031456077
358698844
523259742
28262241
359098218
1058490221
68380530
1813970805
1271310205
34437003
699219855
1054099348
673826708
1771628448
1480710051
2122366885
18440102
2713513
399161260
69910450
629528506
498384831
1938448324
1065080776
35151824
1718462425
1492375522
1684801506
1300754404
1514680292
435341287
549986281
1273333741
1510711286
1627867131
641361919
591984188
3493079816341998
70428012